300
250
370
450
400
430
460
520
410
470
430
480
510
570
460
520
410
470
540
460
400
420
550
500
620
570
670
740
800
640
690
1090
1150
990
1050
350
520
300
150
460
290
260
530
520
600
610
540
750
240
290
430
720
380
440
430
430
500
510
350
670
510
610
450
750
590
430
360
480
430
360
630
480
610
450
670
520
540
380
190
280
470
940
1880
390
140
380
220
140
450
290
340
260
330
250
360
280
230
340
510
110
20
15
150
250
160
150
45
330
340
280